flag,area,confirmed,suspected,cured,dead
000000,中国,17205,21558,475,361
810000,香港特别行政区,15,0,0,0
460000,海南省,64,0,4,1
469030,琼中黎族苗族自治县,17,0,3,0
469030,琼中黎族苗族自治县,11,0,0,0
469030,琼中黎族苗族自治县,8,0,0,0
469030,琼中黎族苗族自治县,6,0,0,0
469030,琼中黎族苗族自治县,6,0,0,0
469030,琼中黎族苗族自治县,5,0,0,0
469030,琼中黎族苗族自治县,4,0,0,0
469030,琼中黎族苗族自治县,2,0,0,1
469030,琼中黎族苗族自治县,1,0,0,0
469029,保亭黎族苗族自治县,1,0,0,0
469030,琼中黎族苗族自治县,1,0,0,0
469030,琼中黎族苗族自治县,1,0,0,0
469030,琼中黎族苗族自治县,1,0,0,0
410000,河南省,493,0,10,2
419001,济源市,88,0,4,0
419001,济源市,65,0,2,0
419001,济源市,62,0,1,2
419001,济源市,46,0,0,0
419001,济源市,40,0,1,0
419001,济源市,36,0,0,0
419001,济源市,24,0,0,0
419001,济源市,21,0,0,0
419001,济源市,16,0,0,0
419001,济源市,14,0,0,0
419001,济源市,14,0,0,0
419001,济源市,13,0,0,0
419001,济源市,11,0,0,0
419001,济源市,8,0,0,0
419001,济源市,8,0,0,0
419001,济源市,7,0,0,0
419001,济源市,7,0,0,0
419001,济源市,7,0,0,0
419001,济源市,3,0,0,0
419001,济源市,2,0,0,0
419001,济源市,1,0,0,0
620000,甘肃省,40,0,3,0
623027,夏河县,23,0,2,0
623027,夏河县,3,0,0,0
623027,夏河县,3,0,0,0
623027,夏河县,3,0,1,0
623027,夏河县,2,0,0,0
623027,夏河县,2,0,0,0
623027,夏河县,1,0,0,0
623027,夏河县,1,0,0,0
623027,夏河县,1,0,0,0
623027,夏河县,1,0,0,0
210000,辽宁省,70,0,1,0
211481,兴城市,17,0,0,0
211481,兴城市,12,0,1,0
211481,兴城市,7,0,0,0
211481,兴城市,6,0,0,0
211481,兴城市,6,0,0,0
211481,兴城市,6,0,0,0
211481,兴城市,5,0,0,0
211481,兴城市,3,0,0,0
211481,兴城市,3,0,0,0
211481,兴城市,2,0,0,0
211481,兴城市,2,0,0,0
211481,兴城市,1,0,0,0
360000,江西省,333,0,12,0
361181,德兴市,89,0,1,0
361181,德兴市,55,0,2,0
361181,德兴市,43,0,3,0
361181,德兴市,34,0,1,0
361181,德兴市,31,0,1,0
361181,德兴市,24,0,0,0
361181,德兴市,19,0,1,0
361181,德兴市,15,0,1,0
361181,德兴市,12,0,1,0
361181,德兴市,8,0,0,0
361181,德兴市,3,0,1,0
510000,四川省,231,0,11,1
513437,雷波县,73,0,9,1
513437,雷波县,23,0,0,0
513437,雷波县,20,0,1,0
513437,雷波县,14,0,1,0
513437,雷波县,11,0,0,0
513437,雷波县,10,0,0,0
513437,雷波县,9,0,0,0
513437,雷波县,9,0,0,0
513437,雷波县,9,0,0,0
513437,雷波县,8,0,0,0
513437,雷波县,7,0,0,0
513437,雷波县,6,0,0,0
513437,雷波县,5,0,0,0
513437,雷波县,5,0,0,0
513437,雷波县,5,0,0,0
513437,雷波县,5,0,0,0
513437,雷波县,5,0,0,0
513437,雷波县,2,0,0,0
513437,雷波县,2,0,0,0
513437,雷波县,2,0,0,0
513437,雷波县,1,0,0,0
340000,安徽省,340,0,7,0
341882,广德市,59,0,2,0
341882,广德市,59,0,0,0
341882,广德市,43,0,0,0
341882,广德市,30,0,2,0
341882,广德市,27,0,0,0
341882,广德市,26,0,0,0
341882,广德市,16,0,0,0
341882,广德市,16,0,1,0
341882,广德市,14,0,0,0
341882,广德市,13,0,1,0
341882,广德市,9,0,0,0
341882,广德市,6,0,0,0
341882,广德市,6,0,0,0
341882,广德市,6,0,0,0
341882,广德市,6,0,0,0
341882,广德市,4,0,1,0
430000,湖南省,463,0,16,0
433130,龙山县,112,0,2,0
433130,龙山县,53,0,0,0
433130,龙山县,49,0,1,0
433130,龙山县,42,0,0,0
433130,龙山县,31,0,1,0
433130,龙山县,30,0,3,0
433130,龙山县,29,0,1,0
433130,龙山县,27,0,0,0
433130,龙山县,25,0,1,0
433130,龙山县,22,0,2,0
433130,龙山县,18,0,1,0
433130,龙山县,16,0,3,0
433130,龙山县,6,0,1,0
433130,龙山县,3,0,0,0
330000,浙江省,661,0,32,0
331181,龙泉市,265,0,15,0
331181,龙泉市,110,0,2,0
331181,龙泉市,100,0,7,0
331181,龙泉市,66,0,1,0
331181,龙泉市,34,0,4,0
331181,龙泉市,27,0,1,0
331181,龙泉市,19,0,0,0
331181,龙泉市,14,0,1,0
331181,龙泉市,13,0,0,0
331181,龙泉市,7,0,1,0
331181,龙泉市,6,0,0,0
440000,广东省,632,0,15,0
445381,罗定市,207,0,5,0
445381,罗定市,179,0,3,0
445381,罗定市,47,0,1,0
445381,罗定市,43,0,1,0
445381,罗定市,27,0,0,0
445381,罗定市,23,0,1,0
445381,罗定市,21,0,0,0
445381,罗定市,15,0,0,0
445381,罗定市,14,0,1,0
445381,罗定市,10,0,0,0
445381,罗定市,7,0,1,0
445381,罗定市,7,0,0,0
445381,罗定市,6,0,2,0
445381,罗定市,6,0,0,0
445381,罗定市,5,0,0,0
445381,罗定市,4,0,0,0
445381,罗定市,4,0,0,0
445381,罗定市,3,0,0,0
445381,罗定市,3,0,0,0
445381,罗定市,1,0,0,0
420000,湖北省,9074,0,267,294
429021,神农架林区,4109,0,175,224
429021,神农架林区,1002,0,27,15
429021,神农架林区,749,0,2,14
429021,神农架林区,441,0,0,0
429021,神农架林区,384,0,3,3
429021,神农架林区,353,0,0,1
429021,神农架林区,333,0,4,4
429021,神农架林区,329,0,3,7
429021,神农架林区,278,0,2,13
429021,神农架林区,252,0,8,2
429021,神农架林区,246,0,1,0
429021,神农架林区,212,0,1,0
429021,神农架林区,140,0,0,3
429021,神农架林区,105,0,4,0
429021,神农架林区,99,0,0,7
429021,神农架林区,35,0,0,1
429006,天门市,7,0,2,0
320000,江苏省,236,0,7,0
321324,泗洪县,38,0,3,0
321324,泗洪县,35,0,2,0
321324,泗洪县,30,0,0,0
321324,泗洪县,19,0,0,0
321324,泗洪县,17,0,0,0
321324,泗洪县,17,0,0,0
321324,泗洪县,15,0,0,0
321324,泗洪县,15,0,0,0
321324,泗洪县,13,0,1,0
321324,泗洪县,13,0,0,0
321324,泗洪县,13,0,1,0
321324,泗洪县,8,0,0,0
321324,泗洪县,3,0,0,0
120000,天津市,48,0,1,0
120119,蓟州区,9,0,0,0
120119,蓟州区,9,0,1,0
120119,蓟州区,5,0,0,0
120119,蓟州区,4,0,0,0
120119,蓟州区,4,0,0,0
120119,蓟州区,3,0,0,0
120119,蓟州区,3,0,0,0
120119,蓟州区,3,0,0,0
120119,蓟州区,2,0,0,0
120119,蓟州区,2,0,0,0
120119,蓟州区,2,0,0,0
120119,蓟州区,2,0,0,0
530000,云南省,105,0,3,0
533423,维西傈僳族自治县,31,0,0,0
533423,维西傈僳族自治县,12,0,0,0
533423,维西傈僳族自治县,11,0,0,0
533423,维西傈僳族自治县,8,0,0,0
533423,维西傈僳族自治县,8,0,0,0
533423,维西傈僳族自治县,7,0,0,0
533423,维西傈僳族自治县,7,0,1,0
533423,维西傈僳族自治县,5,0,1,0
533423,维西傈僳族自治县,5,0,1,0
533423,维西傈僳族自治县,4,0,0,0
533423,维西傈僳族自治县,4,0,0,0
533423,维西傈僳族自治县,2,0,0,0
533423,维西傈僳族自治县,1,0,0,0
140000,山西省,56,0,2,0
141182,汾阳市,13,0,0,0
141182,汾阳市,10,0,1,0
141182,汾阳市,8,0,0,0
141182,汾阳市,6,0,1,0
141182,汾阳市,5,0,0,0
141182,汾阳市,3,0,0,0
141182,汾阳市,3,0,0,0
141182,汾阳市,3,0,0,0
141182,汾阳市,3,0,0,0
141182,汾阳市,1,0,0,0
141182,汾阳市,1,0,0,0
370000,山东省,230,0,6,0
371728,东明县,24,0,2,0
371728,东明县,24,0,0,0
371728,东明县,24,0,1,0
371728,东明县,20,0,0,0
371728,东明县,19,0,0,0
371728,东明县,19,0,1,0
371728,东明县,15,0,0,0
371728,东明县,14,0,1,0
371728,东明县,12,0,0,0
371728,东明县,11,0,0,0
371728,东明县,11,0,0,0
371728,东明县,10,0,0,0
371728,东明县,9,0,0,0
371728,东明县,9,0,0,0
371728,东明县,9,0,0,0
110000,北京市,191,0,9,1
110119,延庆区,41,0,0,0
110119,延庆区,35,0,0,0
110119,延庆区,22,0,2,0
110119,延庆区,22,0,0,0
110119,延庆区,16,0,0,0
110119,延庆区,13,0,0,0
110119,延庆区,12,0,0,0
110119,延庆区,11,0,2,0
110119,延庆区,6,0,0,0
110119,延庆区,5,0,0,0
110119,延庆区,3,0,0,0
110119,延庆区,2,0,0,0
110119,延庆区,2,0,0,0
110119,延庆区,1,0,0,0
110119,延庆区,0,0,5,1
500000,重庆市,275,0,7,1
500243,彭水苗族土家族自治县,44,0,0,0
500243,彭水苗族土家族自治县,18,0,1,0
500243,彭水苗族土家族自治县,16,0,0,0
500243,彭水苗族土家族自治县,15,0,0,0
500243,彭水苗族土家族自治县,13,0,0,0
500243,彭水苗族土家族自治县,12,0,0,0
500243,彭水苗族土家族自治县,12,0,0,0
500243,彭水苗族土家族自治县,12,0,0,0
500243,彭水苗族土家族自治县,11,0,0,1
500243,彭水苗族土家族自治县,11,0,0,0
500243,彭水苗族土家族自治县,11,0,0,0
500243,彭水苗族土家族自治县,10,0,0,0
500243,彭水苗族土家族自治县,9,0,0,0
500243,彭水苗族土家族自治县,9,0,0,0
500243,彭水苗族土家族自治县,8,0,0,0
500243,彭水苗族土家族自治县,8,0,0,0
500243,彭水苗族土家族自治县,6,0,0,0
500243,彭水苗族土家族自治县,6,0,3,0
500243,彭水苗族土家族自治县,5,0,1,0
500243,彭水苗族土家族自治县,4,0,0,0
500243,彭水苗族土家族自治县,4,0,0,0
500243,彭水苗族土家族自治县,4,0,0,0
500243,彭水苗族土家族自治县,4,0,0,0
500243,彭水苗族土家族自治县,3,0,0,0
500243,彭水苗族土家族自治县,3,0,1,0
500243,彭水苗族土家族自治县,3,0,0,0
500243,彭水苗族土家族自治县,3,0,0,0
500243,彭水苗族土家族自治县,2,0,0,0
500243,彭水苗族土家族自治县,2,0,0,0
500243,彭水苗族土家族自治县,2,0,0,0
500243,彭水苗族土家族自治县,1,0,0,0
500243,彭水苗族土家族自治县,1,0,0,0
500243,彭水苗族土家族自治县,1,0,0,0
500243,彭水苗族土家族自治县,1,0,1,0
500243,彭水苗族土家族自治县,1,0,0,0
630000,青海省,11,0,0,0
632823,天峻县,9,0,0,0
540000,西藏自治区,1,0,0,0
310000,上海市,182,0,10,1
310151,崇明区,74,0,5,1
310151,崇明区,35,0,0,0
310151,崇明区,9,0,0,0
310151,崇明区,9,0,0,0
310151,崇明区,8,0,0,0
310151,崇明区,7,0,0,0
310151,崇明区,7,0,0,0
310151,崇明区,7,0,0,0
310151,崇明区,5,0,0,0
310151,崇明区,5,0,0,0
310151,崇明区,5,0,0,0
310151,崇明区,3,0,0,0
310151,崇明区,2,0,0,0
310151,崇明区,2,0,0,0
310151,崇明区,2,0,0,0
310151,崇明区,1,0,0,0
310120,奉贤区,1,0,0,0
211481,兴城市,1,0,0,0
350000,福建省,159,0,0,0
350982,福鼎市,44,0,0,0
350982,福鼎市,29,0,0,0
350982,福鼎市,27,0,0,0
350982,福鼎市,18,0,0,0
350982,福鼎市,12,0,0,0
350982,福鼎市,11,0,0,0
350982,福鼎市,9,0,0,0
350982,福鼎市,8,0,0,0
350982,福鼎市,1,0,0,0
150000,内蒙古自治区,27,0,1,0
152923,额济纳旗,6,0,0,0
152923,额济纳旗,5,0,0,0
152923,额济纳旗,3,0,0,0
152923,额济纳旗,2,0,0,0
152923,额济纳旗,2,0,1,0
152923,额济纳旗,2,0,0,0
152923,额济纳旗,2,0,0,0
152923,额济纳旗,2,0,0,0
152923,额济纳旗,1,0,0,0
152923,额济纳旗,1,0,0,0
152923,额济纳旗,1,0,0,0
610000,陕西省,116,0,0,0
611026,柞水县,47,0,0,0
611026,柞水县,16,0,0,0
611026,柞水县,15,0,0,0
611026,柞水县,9,0,0,0
611026,柞水县,7,0,0,0
611026,柞水县,7,0,0,0
611026,柞水县,6,0,0,0
611026,柞水县,5,0,0,0
611026,柞水县,2,0,0,0
611026,柞水县,1,0,0,0
611026,柞水县,1,0,0,0
230000,黑龙江省,95,0,2,2
232722,塔河县,34,0,2,0
232722,塔河县,14,0,0,2
232722,塔河县,11,0,0,0
232722,塔河县,8,0,0,0
232722,塔河县,7,0,0,0
232722,塔河县,6,0,0,0
232722,塔河县,4,0,0,0
232722,塔河县,4,0,0,0
232722,塔河县,3,0,0,0
232722,塔河县,2,0,0,0
232722,塔河县,1,0,0,0
232722,塔河县,1,0,0,0
232722,塔河县,0,0,2,0
130000,河北省,104,1,3,1
131182,深州市,19,1,0,1
131182,深州市,13,0,0,0
131182,深州市,13,0,2,0
131182,深州市,11,0,1,0
131182,深州市,11,0,0,0
131182,深州市,11,0,0,0
131182,深州市,10,0,0,0
131182,深州市,9,0,0,0
131182,深州市,4,0,0,0
131182,深州市,2,0,0,0
131182,深州市,1,0,0,0
220000,吉林省,23,0,1,0
222426,安图县,13,0,1,0
222426,安图县,3,0,0,0
222426,安图县,2,0,0,0
222426,安图县,2,0,0,0
222426,安图县,1,0,0,0
222426,安图县,1,0,0,0
222426,安图县,1,0,0,0
640000,宁夏回族自治区,28,0,0,0
640522,海原县,16,0,0,0
640522,海原县,7,0,0,0
640522,海原县,2,0,0,0
640522,海原县,2,0,0,0
640522,海原县,1,0,0,0
520000,贵州省,38,0,2,0
522732,三都水族自治县,8,0,0,0
522732,三都水族自治县,6,0,1,0
522732,三都水族自治县,5,0,0,0
522732,三都水族自治县,5,0,0,0
522732,三都水族自治县,4,0,0,0
522732,三都水族自治县,4,0,0,0
522732,三都水族自治县,3,0,1,0
522732,三都水族自治县,2,0,0,0
522732,三都水族自治县,1,0,0,0
371728,东明县,0,0,1,0
650000,新疆维吾尔自治区,21,0,0,0
659009,昆玉市,8,0,0,0
659009,昆玉市,5,0,0,0
659009,昆玉市,4,0,0,0
659009,昆玉市,1,0,0,0
659009,昆玉市,1,0,0,0
659009,昆玉市,1,0,0,0
659009,昆玉市,1,0,0,0
450000,广西壮族自治区,111,0,2,0
451481,凭祥市,23,0,0,0
451481,凭祥市,23,0,0,0
451481,凭祥市,16,0,0,0
451481,凭祥市,12,0,0,0
451481,凭祥市,8,0,1,0
451481,凭祥市,7,0,0,0
451481,凭祥市,6,0,0,0
451481,凭祥市,5,0,1,0
451481,凭祥市,4,0,0,0
451481,凭祥市,3,0,0,0
451481,凭祥市,2,0,0,0
451481,凭祥市,2,0,0,0
341882,广德市,6,0,0,0
222426,安图县,1,0,0,0
419001,济源市,2,0,0,0
429021,神农架林区,87,0,0,0
419001,济源市,24,0,0,0
419001,济源市,14,0,0,0
469030,琼中黎族苗族自治县,5,0,0,0
469030,琼中黎族苗族自治县,5,0,0,0
469030,琼中黎族苗族自治县,3,0,0,0
469030,琼中黎族苗族自治县,2,0,0,1
469030,琼中黎族苗族自治县,1,0,0,0
469030,琼中黎族苗族自治县,1,0,0,0
623027,夏河县,3,0,0,0
623027,夏河县,1,0,0,0
623027,夏河县,1,0,0,0
623027,夏河县,1,0,0,0
632823,天峻县,9,0,0,0
321324,泗洪县,0,0,3,0
659009,昆玉市,1,0,0,0
659009,昆玉市,1,0,0,0
500243,彭水苗族土家族自治县,7,0,0,0
500243,彭水苗族土家族自治县,1,0,0,0
500243,彭水苗族土家族自治县,1,0,0,0
500243,彭水苗族土家族自治县,6,0,1,0
500243,彭水苗族土家族自治县,5,0,0,0
500243,彭水苗族土家族自治县,3,0,0,0
500243,彭水苗族土家族自治县,8,0,0,0
310151,崇明区,25,0,0,0
310151,崇明区,2,0,0,0
310151,崇明区,2,0,0,0
310151,崇明区,1,0,0,0
310151,崇明区,1,0,0,0
110119,延庆区,16,0,2,0
110119,延庆区,13,0,0,0
110119,延庆区,12,0,0,0
110119,延庆区,12,0,0,0
110119,延庆区,11,0,0,0
110119,延庆区,3,0,0,0
110119,延庆区,2,0,0,0
110119,延庆区,2,0,0,0
110119,延庆区,1,0,0,0
110119,延庆区,1,0,0,0
500243,彭水苗族土家族自治县,15,0,0,0
500243,彭水苗族土家族自治县,9,0,0,0
310151,崇明区,25,0,0,0
310151,崇明区,8,0,0,0
310151,崇明区,6,0,0,0
310151,崇明区,5,0,0,0
310151,崇明区,5,0,0,0
310151,崇明区,5,0,0,0
310151,崇明区,4,0,0,0
310151,崇明区,4,0,0,0
310151,崇明区,3,0,0,0
310151,崇明区,2,0,0,0
110119,延庆区,26,0,0,0
120119,蓟州区,1,0,0,0
659009,昆玉市,1,0,0,0
513437,雷波县,3,0,0,0
640522,海原县,1,0,0,0
141182,汾阳市,1,0,0,0
445381,罗定市,5,0,0,0
445381,罗定市,5,0,0,0
141182,汾阳市,2,0,0,0
120119,蓟州区,4,0,0,0
341882,广德市,3,0,0,0
659009,昆玉市,1,0,0,0
659009,昆玉市,1,0,0,0
445381,罗定市,1,0,0,0
152923,额济纳旗,2,0,0,0
152923,额济纳旗,1,0,0,0
152923,额济纳旗,1,0,0,0
152923,额济纳旗,1,0,0,0
152923,额济纳旗,1,0,0,0
152923,额济纳旗,1,0,0,0
152923,额济纳旗,1,0,0,0
152923,额济纳旗,1,0,0,0
152923,额济纳旗,1,0,0,0
152923,额济纳旗,1,0,0,0
152923,额济纳旗,3,0,0,0
152923,额济纳旗,1,0,0,0
152923,额济纳旗,2,0,0,0
152923,额济纳旗,1,0,0,0
131182,深州市,2,0,0,0
152923,额济纳旗,1,0,0,0
419001,济源市,2,0,0,0
371728,东明县,1,0,0,0
419001,济源市,1,0,0,0
419001,济源市,2,0,0,0
152923,额济纳旗,2,0,0,0
533423,维西傈僳族自治县,2,0,0,0
533423,维西傈僳族自治县,1,0,0,0
623027,夏河县,1,0,0,0
110119,延庆区,7,0,0,0
110119,延庆区,8,0,0,0